186 0
0 1
1 2
2 3
3 4
4 5
5 6
6 7
7 8
8 9
9 10
10 11
11 12
12 13
13 14
14 15
15 16
16 17
17 18
18 19
19 20
18 21
17 22
15 23
14 24
24 25
25 26
13 27
11 27
27 28
28 29
29 30
10 31
31 32
32 33
8 34
34 35
6 36
36 37
37 38
38 39
39 40
40 41
41 42
42 43
43 44
42 45
41 46
46 47
39 48
48 49
5 50
50 51
51 52
52 53
53 54
54 55
55 56
56 57
57 58
58 59
59 60
60 61
61 62
62 63
60 64
64 65
55 66
66 67
67 68
68 69
69 70
68 71
52 72
51 73
73 74
74 75
75 76
76 77
76 78
75 79
74 80
80 81
81 82
82 83
83 84
84 85
82 86
86 87
87 88
86 89
73 90
90 91
4 92
92 93
93 94
3 95
95 96
2 97
97 98
98 99
99 100
100 101
101 102
102 103
103 104
104 105
105 106
106 107
107 108
105 109
109 110
104 111
111 112
112 113
113 114
114 115
112 116
103 117
117 118
102 119
119 120
101 121
99 122
122 123
123 124
123 125
122 126
98 127
127 128
128 188
128 129
127 130
0 131
131 132
132 133
133 134
131 185
174 135
135 136
135 137
137 138
180 139
139 140
140 141
140 142
139 143
143 144
182 145
145 146
191 147
192 148
148 149
149 150
1 151
151 152
141 153
26 154
50 155
78 156
85 157
97 158
7 357
9 357
16 348
19 331
20 331
21 335
22 336
23 340
24 352
25 352
28 324
29 321
30 324
31 360
32 362
33 364
34 354
35 355
36 314
37 315
38 315
40 323
43 308
44 313
45 308
46 323
47 327
48 311
49 302
53 235
54 233
56 206
57 227
58 301
59 303
61 304
62 310
63 305
64 232
65 231
66 228
67 237
69 228
70 226
71 225
72 204
77 254
78 251
79 248
80 236
81 239
83 239
84 220
85 220
87 221
88 222
89 224
90 241
91 248
92 368
93 366
94 381
95 299
96 372
100 289
111 279
106 271
107 271
108 270
109 276
110 282
113 269
114 273
115 268
116 273
117 279
118 278
119 288
120 244
121 291
124 286
125 295
126 297
129 284
130 291
132 370
133 369
134 377
178 359
177 361
194 338
136 343
137 345
138 175
141 382
142 365
143 196
144 379
145 380
146 380
147 267
148 263
149 265
150 265
151 292
152 187
153 383
154 384
155 300
156 250
157 386
158 373
159 261
161 218
162 217
20 329
21 333
22 336
12 347
26 348
30 321
33 364
35 355
44 312
45 328
47 326
49 313
63 310
65 229
70 225
71 238
72 233
79 249
88 221
89 222
91 241
94 379
96 299
108 267
110 283
115 255
116 272
118 277
120 287
121 285
23 347
124 295
125 296
126 372
129 284
130 285
134 374
136 341
138 345
142 316
144 378
146 381
147 266
150 263
152 292
153 365
154 350
155 300
156 249
157 260
158 373
195 181
196 195
197 196
198 383
199 198
200 199
201 200
202 201
203 202
204 203
205 204
206 205
207 206
208 207
209 208
210 209
211 210
212 211
213 212
214 213
215 214
216 215
217 216
218 217
160 386
163 216
219 215
220 219
221 219
222 214
164 385
223 385
165 223
223 212
224 211
225 224
226 210
227 226
228 227
229 209
230 229
166 230
231 230
232 231
167 232
233 205
234 203
235 234
236 235
237 236
238 237
239 238
240 234
241 240
242 240
243 242
244 243
245 244
246 245
247 246
248 247
249 247
250 246
251 250
252 251
253 252
254 253
255 253
256 255
257 256
259 257
258 257
259 258
260 259
261 260
193 261
262 258
263 262
264 262
265 264
266 264
267 266
268 256
269 268
270 269
271 270
272 252
273 272
274 245
275 274
276 275
277 276
278 277
279 278
280 275
281 280
282 281
283 282
190 283
189 281
284 280
285 274
286 243
287 286
288 287
289 288
290 289
291 290
292 290
293 242
294 293
295 294
296 294
297 296
298 297
299 298
298 293
300 201
301 208
302 301
303 302
304 303
305 304
306 305
307 306
308 307
169 307
309 306
168 309
310 309
311 207
312 311
313 312
314 202
315 314
316 200
317 316
318 317
319 320
320 318
321 320
322 319
323 319
324 318
325 322
326 325
327 387
328 327
170 328
329 387
330 329
171 330
331 330
332 325
333 332
334 333
335 334
336 335
337 334
172 337
338 337
339 338
173 339
340 339
341 340
342 341
343 342
344 343
345 344
346 344
347 346
346 342
348 384
349 322
350 349
351 350
352 351
351 349
353 317
354 353
355 354
356 353
357 356
358 356
359 358
360 359
361 360
362 361
363 362
364 363
176 363
179 358
365 198
366 199
367 366
368 367
369 368
370 369
371 370
372 371
373 371
374 367
375 374
376 375
377 376
184 377
183 376
378 197
379 378
380 195
381 375
382 197
383 382
384 332
385 213
386 218
387 326